3667
53
8246
8048
9638
679
3346
624
118
491
1803
2005
9463
5949
5469
5392
8987
5942
6349
2492
9776
8643
8704
9939
3128
94
5140
3221
9915
5147
3975
4779
1643
1844
4947
2259
6258
415
671
1975
2858
2343
2878
2235
8812
1944
8062
2898
5474
1014
2541
6029
5680
83
7559
9034
9942
5583
6820
2203
5609
2981
3421
4405
4833
3837
9805
5556
481
6966
4343
1301
8164
2363
4796
3351
2318
4475
1560
8739
2074
9207
1606
3102
1470
3968
3599
2387
7721
7629
9114
5708
2316
3939
9908
5566
6107
2607
793
939
4191
4940
5413
1231
3318
6698
3498
2995
5473
8274
8540
5554
2175
3426
4899
7567
5216
5031
4530
336
